9.999696e-01 -7.792435e-03 -1.446962e-06 -8.934678e-01 7.792435e-03 9.999696e-01 1.858465e-05 -3.563983e-01 1.302098e-06 -1.859536e-05 1.000000e+00 -1.350610e-03
9.999998e-01 6.831270e-04 -2.931519e-06 -9.418851e-01 -6.831270e-04 9.999998e-01 1.100459e-05 -2.020881e-01 2.939036e-06 -1.100258e-05 1.000000e+00 -1.539559e-03
9.999923e-01 3.930948e-03 -4.743749e-06 -1.857765e+00 -3.930948e-03 9.999923e-01 4.311300e-06 -5.020495e-01 4.760660e-06 -4.292619e-06 1.000000e+00 -3.103897e-03
9.999869e-01 5.119441e-03 -1.465688e-05 -2.747380e+00 -5.119441e-03 9.999869e-01 1.602818e-05 -8.651757e-01 1.473874e-05 -1.595294e-05 1.000000e+00 -4.773701e-03
9.999833e-01 5.787520e-03 -1.142677e-05 -3.667363e+00 -5.787519e-03 9.999833e-01 3.629772e-05 -1.134745e+00 1.163665e-05 -3.623098e-05 1.000000e+00 -6.114567e-03
9.998697e-01 1.613949e-02 1.997903e-05 -4.576100e+00 -1.613950e-02 9.998697e-01 8.987135e-05 -9.244606e-01 -1.852595e-05 -9.018210e-05 1.000000e+00 -5.935420e-03
9.999018e-01 1.401714e-02 2.092363e-05 -5.492136e+00 -1.401714e-02 9.999017e-01 1.024940e-04 -1.124101e+00 -1.948490e-05 -1.027772e-04 1.000000e+00 -7.362699e-03
9.998956e-01 1.445152e-02 2.541362e-05 -6.389386e+00 -1.445152e-02 9.998956e-01 8.826729e-05 -1.368636e+00 -2.413537e-05 -8.862534e-05 1.000000e+00 -8.841314e-03
9.998822e-01 1.535001e-02 2.762197e-05 -7.271748e+00 -1.535001e-02 9.998822e-01 9.381722e-05 -1.660795e+00 -2.617862e-05 -9.423016e-05 1.000000e+00 -1.025675e-02
9.998547e-01 1.704838e-02 3.050818e-05 -8.150308e+00 -1.704838e-02 9.998547e-01 9.582176e-05 -1.967325e+00 -2.887014e-05 -9.632795e-05 1.000000e+00 -1.166851e-02
9.998214e-01 1.889794e-02 3.392830e-05 -9.037472e+00 -1.889795e-02 9.998214e-01 9.745598e-05 -2.222609e+00 -3.208052e-05 -9.807975e-05 1.000000e+00 -1.303043e-02
9.997942e-01 2.028863e-02 3.451891e-05 -9.954313e+00 -2.028863e-02 9.997942e-01 9.834598e-05 -2.474242e+00 -3.251650e-05 -9.902608e-05 1.000000e+00 -1.453124e-02
9.997873e-01 2.062647e-02 3.538999e-05 -1.080510e+01 -2.062647e-02 9.997872e-01 1.051119e-04 -2.714857e+00 -3.321437e-05 -1.058195e-04 1.000000e+00 -1.590670e-02
9.998142e-01 1.927850e-02 3.619853e-05 -1.168152e+01 -1.927851e-02 9.998141e-01 1.110375e-04 -2.960285e+00 -3.405116e-05 -1.117147e-04 1.000000e+00 -1.733840e-02
9.998387e-01 1.795963e-02 3.528320e-05 -1.255940e+01 -1.795964e-02 9.998387e-01 1.290571e-04 -3.194479e+00 -3.295969e-05 -1.296700e-04 1.000000e+00 -1.880006e-02
9.998550e-01 1.702713e-02 3.554567e-05 -1.343040e+01 -1.702713e-02 9.998550e-01 1.420508e-04 -3.438034e+00 -3.312181e-05 -1.426354e-04 1.000000e+00 -2.023096e-02
9.998588e-01 1.680411e-02 3.792980e-05 -1.429596e+01 -1.680412e-02 9.998588e-01 1.452379e-04 -3.688134e+00 -3.548385e-05 -1.458548e-04 1.000000e+00 -2.166220e-02
9.998621e-01 1.660845e-02 4.564812e-05 -1.515809e+01 -1.660845e-02 9.998621e-01 1.262592e-04 -3.936069e+00 -4.354485e-05 -1.269999e-04 1.000000e+00 -2.309842e-02
9.998381e-01 1.799163e-02 5.050792e-05 -1.602306e+01 -1.799164e-02 9.998381e-01 1.219697e-04 -4.153793e+00 -4.830531e-05 -1.228587e-04 1.000000e+00 -2.449314e-02
9.998001e-01 1.999352e-02 5.598547e-05 -1.688141e+01 -1.999352e-02 9.998001e-01 1.121697e-04 -4.397213e+00 -5.373161e-05 -1.132667e-04 1.000000e+00 -2.592067e-02
9.997688e-01 2.150226e-02 6.202928e-05 -1.772516e+01 -2.150226e-02 9.997688e-01 9.101750e-05 -4.672881e+00 -6.005786e-05 -9.233022e-05 1.000000e+00 -2.736154e-02
9.997280e-01 2.332168e-02 6.483121e-05 -1.857457e+01 -2.332168e-02 9.997280e-01 9.019016e-05 -4.906290e+00 -6.271019e-05 -9.167760e-05 1.000000e+00 -2.876287e-02
9.997108e-01 2.405004e-02 6.543305e-05 -1.941993e+01 -2.405004e-02 9.997108e-01 9.143763e-05 -5.129454e+00 -6.321504e-05 -9.298485e-05 1.000000e+00 -3.019733e-02
9.996974e-01 2.459832e-02 6.789307e-05 -2.025723e+01 -2.459833e-02 9.996974e-01 9.410230e-05 -5.362865e+00 -6.555777e-05 -9.574389e-05 1.000000e+00 -3.153002e-02
9.996528e-01 2.634832e-02 7.541529e-05 -2.110175e+01 -2.634833e-02 9.996528e-01 8.595191e-05 -5.541546e+00 -7.312441e-05 -8.790913e-05 1.000000e+00 -3.277962e-02
9.995769e-01 2.908781e-02 7.778807e-05 -2.192862e+01 -2.908782e-02 9.995769e-01 8.002785e-05 -5.767128e+00 -7.542732e-05 -8.225668e-05 1.000000e+00 -3.414246e-02
9.994728e-01 3.246669e-02 8.275144e-05 -2.275214e+01 -3.246670e-02 9.994728e-01 7.152223e-05 -6.007579e+00 -8.038572e-05 -7.417119e-05 1.000000e+00 -3.540835e-02
9.994701e-01 3.255146e-02 8.424304e-05 -2.352775e+01 -3.255146e-02 9.994701e-01 7.185755e-05 -6.294402e+00 -8.185933e-05 -7.456170e-05 1.000000e+00 -3.669127e-02
9.994886e-01 3.197650e-02 8.456860e-05 -2.432575e+01 -3.197650e-02 9.994886e-01 7.732720e-05 -6.500899e+00 -8.205270e-05 -7.999186e-05 1.000000e+00 -3.802012e-02
9.995136e-01 3.118702e-02 8.302863e-05 -2.512803e+01 -3.118703e-02 9.995136e-01 7.746651e-05 -6.641278e+00 -8.057229e-05 -8.001824e-05 1.000000e+00 -3.944667e-02
9.995266e-01 3.076720e-02 8.453706e-05 -2.591464e+01 -3.076720e-02 9.995266e-01 8.261358e-05 -6.769052e+00 -8.195524e-05 -8.517544e-05 1.000000e+00 -4.067862e-02
9.995201e-01 3.097525e-02 8.743124e-05 -2.667667e+01 -3.097526e-02 9.995201e-01 7.922188e-05 -6.988341e+00 -8.493537e-05 -8.189207e-05 1.000000e+00 -4.191574e-02
9.995839e-01 2.884513e-02 8.234040e-05 -2.741837e+01 -2.884514e-02 9.995839e-01 9.442405e-05 -7.246943e+00 -7.958246e-05 -9.675988e-05 1.000000e+00 -4.327525e-02
9.995909e-01 2.860129e-02 8.407155e-05 -2.816198e+01 -2.860129e-02 9.995909e-01 1.029864e-04 -7.455444e+00 -8.109162e-05 -1.053489e-04 1.000000e+00 -4.451034e-02
9.995554e-01 2.981667e-02 8.689237e-05 -2.890039e+01 -2.981668e-02 9.995554e-01 1.037534e-04 -7.663081e+00 -8.376016e-05 -1.062981e-04 1.000000e+00 -4.575238e-02
9.995255e-01 3.080357e-02 8.889585e-05 -2.962095e+01 -3.080358e-02 9.995255e-01 1.048942e-04 -7.906355e+00 -8.562255e-05 -1.075827e-04 1.000000e+00 -4.701995e-02
9.994692e-01 3.257803e-02 8.979622e-05 -3.031213e+01 -3.257804e-02 9.994692e-01 1.050934e-04 -8.183438e+00 -8.632482e-05 -1.079630e-04 1.000000e+00 -4.829769e-02
9.993784e-01 3.525425e-02 9.816136e-05 -3.102847e+01 -3.525426e-02 9.993784e-01 9.429338e-05 -8.361604e+00 -9.477609e-05 -9.769537e-05 1.000000e+00 -4.940370e-02
9.994133e-01 3.424966e-02 9.802795e-05 -3.169512e+01 -3.424966e-02 9.994133e-01 9.487002e-05 -8.655063e+00 -9.472118e-05 -9.817178e-05 1.000000e+00 -5.072164e-02
9.994436e-01 3.335462e-02 1.011692e-04 -3.240202e+01 -3.335463e-02 9.994436e-01 9.036057e-05 -8.881781e+00 -9.809898e-05 -9.368475e-05 1.000000e+00 -5.200780e-02
9.994228e-01 3.397181e-02 1.061977e-04 -3.306761e+01 -3.397182e-02 9.994228e-01 7.968275e-05 -9.066377e+00 -1.034294e-04 -8.324449e-05 1.000000e+00 -5.311342e-02
9.993722e-01 3.542883e-02 1.107351e-04 -3.373509e+01 -3.542884e-02 9.993722e-01 6.588047e-05 -9.254763e+00 -1.083315e-04 -6.976233e-05 1.000000e+00 -5.429931e-02
9.995082e-01 3.135939e-02 9.681874e-05 -3.432846e+01 -3.135939e-02 9.995082e-01 4.405611e-05 -9.604203e+00 -9.538954e-05 -4.707061e-05 1.000000e+00 -5.588415e-02
9.995606e-01 2.964061e-02 9.460491e-05 -3.496919e+01 -2.964061e-02 9.995606e-01 1.105232e-05 -9.822872e+00 -9.423575e-05 -1.385161e-05 1.000000e+00 -5.716758e-02
9.996319e-01 2.712927e-02 9.688660e-05 -3.561056e+01 -2.712927e-02 9.996319e-01 6.639078e-06 -9.991400e+00 -9.667082e-05 -9.265097e-06 1.000000e+00 -5.813297e-02
9.997028e-01 2.437684e-02 9.788236e-05 -3.624361e+01 -2.437684e-02 9.997028e-01 1.120757e-05 -1.015207e+01 -9.758007e-05 -1.359030e-05 1.000000e+00 -5.905281e-02
9.997537e-01 2.219092e-02 9.577785e-05 -3.685547e+01 -2.219092e-02 9.997538e-01 1.833822e-05 -1.033177e+01 -9.534732e-05 -2.045910e-05 1.000000e+00 -5.996880e-02
9.997516e-01 2.228871e-02 9.633209e-05 -3.747052e+01 -2.228871e-02 9.997516e-01 5.225271e-07 -1.049955e+01 -9.629651e-05 -2.669516e-06 1.000000e+00 -6.093060e-02
9.999856e-01 -5.365457e-03 -2.843526e-07 -3.794280e+01 5.365457e-03 9.999856e-01 -6.492512e-05 -1.094633e+01 6.327014e-07 6.492266e-05 1.000000e+00 -6.288952e-02
9.996880e-01 -2.497803e-02 -6.567197e-05 -3.841816e+01 2.497803e-02 9.996880e-01 -1.041221e-04 -1.132208e+01 6.825224e-05 1.024493e-04 1.000000e+00 -6.446609e-02
9.991430e-01 -4.139023e-02 -1.197713e-04 -3.890889e+01 4.139021e-02 9.991430e-01 -1.944356e-04 -1.166606e+01 1.277164e-04 1.893116e-04 1.000000e+00 -6.619393e-02
9.989914e-01 -4.490185e-02 -1.258412e-04 -3.946602e+01 4.490182e-02 9.989914e-01 -2.228780e-04 -1.184498e+01 1.357219e-04 2.170027e-04 1.000000e+00 -6.713875e-02
9.985144e-01 -5.448907e-02 -1.522000e-04 -3.997957e+01 5.448902e-02 9.985143e-01 -3.018376e-04 -1.208949e+01 1.684207e-04 2.930959e-04 9.999999e-01 -6.841556e-02
9.972824e-01 -7.367367e-02 -2.088052e-04 -4.044052e+01 7.367359e-02 9.972823e-01 -3.555254e-04 -1.238641e+01 2.344306e-04 3.391758e-04 9.999999e-01 -6.978561e-02
9.970856e-01 -7.629030e-02 -2.146236e-04 -4.094816e+01 7.629022e-02 9.970856e-01 -3.493658e-04 -1.252842e+01 2.406514e-04 3.319739e-04 9.999999e-01 -7.052051e-02
9.967752e-01 -8.024389e-02 -2.205647e-04 -4.142406e+01 8.024381e-02 9.967752e-01 -3.551037e-04 -1.270494e+01 2.483483e-04 3.362596e-04 9.999999e-01 -7.122558e-02
9.963579e-01 -8.527000e-02 -2.284247e-04 -4.187560e+01 8.526991e-02 9.963578e-01 -3.518526e-04 -1.287766e+01 2.575952e-04 3.310934e-04 9.999999e-01 -7.190451e-02
9.958663e-01 -9.083044e-02 -2.315961e-04 -4.231889e+01 9.083035e-02 9.958663e-01 -3.626742e-04 -1.301491e+01 2.635806e-04 3.401391e-04 9.999999e-01 -7.251300e-02
9.956103e-01 -9.359524e-02 -2.392728e-04 -4.275411e+01 9.359515e-02 9.956103e-01 -3.681320e-04 -1.307649e+01 2.726779e-04 3.441212e-04 9.999999e-01 -7.314634e-02
9.955051e-01 -9.470804e-02 -2.467470e-04 -4.316464e+01 9.470794e-02 9.955050e-01 -3.610424e-04 -1.317382e+01 2.798314e-04 3.360506e-04 9.999999e-01 -7.371757e-02
9.952851e-01 -9.699263e-02 -2.591977e-04 -4.354257e+01 9.699254e-02 9.952850e-01 -3.477204e-04 -1.329729e+01 2.917019e-04 3.209407e-04 9.999999e-01 -7.429390e-02
-8.152569e-01 -5.556588e-01 -1.630933e-01 -4.389187e+01 -5.536250e-01 8.304581e-01 -6.195707e-02 -1.342241e+01 1.698691e-01 3.978158e-02 -9.846633e-01 -1.070910e-01
-8.134687e-01 -5.583346e-01 -1.628840e-01 -4.423887e+01 -5.562543e-01 8.286611e-01 -6.246550e-02 -1.353011e+01 1.698523e-01 3.979123e-02 -9.846659e-01 -1.076170e-01
-8.102039e-01 -5.631711e-01 -1.625049e-01 -4.453295e+01 -5.610043e-01 8.253814e-01 -6.340137e-02 -1.363319e+01 1.698344e-01 3.979794e-02 -9.846687e-01 -1.080727e-01
-8.086627e-01 -5.654343e-01 -1.623227e-01 -4.482152e+01 -5.632271e-01 8.238325e-01 -6.383783e-02 -1.371218e+01 1.698228e-01 3.980128e-02 -9.846705e-01 -1.084618e-01
9.185197e-01 2.216082e-01 3.274315e-01 -4.509202e+01 -2.434098e-01 9.695583e-01 2.661494e-02 -1.376224e+01 -3.115659e-01 -1.041464e-01 9.445000e-01 -1.308476e-01
-7.471762e-01 -3.799725e-01 -5.452968e-01 -4.535642e+01 -4.134057e-01 9.081269e-01 -6.634235e-02 -1.378935e+01 5.204070e-01 1.758594e-01 -8.356136e-01 -1.639738e-01
6.839193e-01 1.825746e-01 7.063434e-01 -4.561579e+01 -2.972688e-01 9.539016e-01 4.126835e-02 -1.381053e+01 -6.662475e-01 -2.381981e-01 7.066654e-01 -1.909302e-01
6.855429e-01 1.773687e-01 7.060958e-01 -4.587207e+01 -2.935277e-01 9.548852e-01 4.512007e-02 -1.385344e+01 -6.662375e-01 -2.381904e-01 7.066774e-01 -1.912781e-01
6.864847e-01 1.743291e-01 7.059378e-01 -4.612737e+01 -2.913359e-01 9.554476e-01 4.736297e-02 -1.389111e+01 -6.662298e-01 -2.381790e-01 7.066885e-01 -1.915945e-01
6.873590e-01 1.714829e-01 7.057842e-01 -4.638992e+01 -2.893028e-01 9.559578e-01 4.948330e-02 -1.394011e+01 -6.662143e-01 -2.381982e-01 7.066966e-01 -1.918212e-01
6.880529e-01 1.692184e-01 7.056545e-01 -4.662922e+01 -2.876790e-01 9.563592e-01 5.116493e-02 -1.397544e+01 -6.662011e-01 -2.382061e-01 7.067064e-01 -1.920278e-01
6.884858e-01 1.678203e-01 7.055662e-01 -4.687923e+01 -2.866589e-01 9.566102e-01 5.218776e-02 -1.400604e+01 -6.661937e-01 -2.381873e-01 7.067197e-01 -1.923252e-01
6.888701e-01 1.665819e-01 7.054846e-01 -4.713255e+01 -2.857699e-01 9.568254e-01 5.311033e-02 -1.404205e+01 -6.661783e-01 -2.381924e-01 7.067325e-01 -1.925596e-01
6.905712e-01 1.608938e-01 7.051415e-01 -4.736581e+01 -2.816665e-01 9.577997e-01 5.730310e-02 -1.409663e+01 -6.661647e-01 -2.381866e-01 7.067473e-01 -1.928333e-01
6.920656e-01 1.558187e-01 7.048161e-01 -4.760888e+01 -2.780632e-01 9.586173e-01 6.110449e-02 -1.415169e+01 -6.661277e-01 -2.382717e-01 7.067535e-01 -1.929606e-01
6.933675e-01 1.513579e-01 7.045086e-01 -4.785533e+01 -2.748465e-01 9.593292e-01 6.439608e-02 -1.419312e+01 -6.661088e-01 -2.382819e-01 7.067678e-01 -1.931949e-01
6.939623e-01 1.493100e-01 7.043599e-01 -4.810927e+01 -2.733974e-01 9.596385e-01 6.593778e-02 -1.421963e+01 -6.660857e-01 -2.383285e-01 7.067739e-01 -1.932389e-01
6.951212e-01 1.452564e-01 7.040647e-01 -4.836295e+01 -2.704678e-01 9.602589e-01 6.892005e-02 -1.426547e+01 -6.660733e-01 -2.383346e-01 7.067835e-01 -1.933765e-01
6.962879e-01 1.411261e-01 7.037518e-01 -4.862312e+01 -2.675169e-01 9.608598e-01 7.199463e-02 -1.431077e+01 -6.660465e-01 -2.383945e-01 7.067886e-01 -1.934162e-01
6.973866e-01 1.372263e-01 7.034350e-01 -4.887631e+01 -2.647080e-01 9.614171e-01 7.487846e-02 -1.435207e+01 -6.660192e-01 -2.384241e-01 7.068043e-01 -1.935966e-01
-5.645417e-01 -2.628940e-01 -7.824190e-01 -4.913638e+01 -3.658506e-01 9.294188e-01 -4.831260e-02 -1.437302e+01 7.398960e-01 2.589740e-01 -6.208755e-01 -2.088185e-01
5.241171e-01 1.609644e-01 8.362965e-01 -4.940333e+01 -3.215046e-01 9.467118e-01 1.927446e-02 -1.438397e+01 -7.886293e-01 -2.789752e-01 5.479386e-01 -2.209968e-01
5.252979e-01 1.575454e-01 8.362066e-01 -4.967007e+01 -3.196380e-01 9.472768e-01 2.232236e-02 -1.440283e+01 -7.886023e-01 -2.790093e-01 5.479600e-01 -2.211373e-01
5.273738e-01 1.514573e-01 8.360248e-01 -4.994169e+01 -3.162948e-01 9.482555e-01 2.773295e-02 -1.442833e+01 -7.885648e-01 -2.790560e-01 5.479903e-01 -2.212990e-01
-3.985604e-01 -2.803731e-01 -8.732356e-01 -5.022849e+01 -3.919322e-01 9.128767e-01 -1.142159e-01 -1.445132e+01 8.291795e-01 2.967272e-01 -4.737238e-01 -2.338827e-01
-3.957588e-01 -2.869313e-01 -8.723792e-01 -5.052649e+01 -3.947793e-01 9.108413e-01 -1.204883e-01 -1.449279e+01 8.291708e-01 2.967129e-01 -4.737480e-01 -2.340831e-01
4.491901e-01 -5.204483e-02 8.919191e-01 -5.082609e+01 -2.506151e-01 9.508822e-01 1.817007e-01 -1.454290e+01 -8.575665e-01 -3.051465e-01 4.140836e-01 -2.443912e-01
4.516020e-01 -6.118690e-02 8.901190e-01 -5.114728e+01 -2.462617e-01 9.503438e-01 1.902677e-01 -1.460274e+01 -8.575609e-01 -3.051275e-01 4.141092e-01 -2.446139e-01
-2.853504e-01 -2.391808e-01 -9.280990e-01 -5.148510e+01 -3.715778e-01 9.202301e-01 -1.229088e-01 -1.465971e+01 8.834620e-01 3.097889e-01 -3.514623e-01 -2.564045e-01
3.299719e-01 -5.556353e-02 9.423541e-01 -5.184097e+01 -2.804191e-01 9.474347e-01 1.540538e-01 -1.471165e+01 -9.013787e-01 -3.150875e-01 2.970458e-01 -2.669268e-01
3.309793e-01 -5.887333e-02 9.417997e-01 -5.222725e+01 -2.792863e-01 9.472255e-01 1.573629e-01 -1.475955e+01 -9.013611e-01 -3.151156e-01 2.970695e-01 -2.671401e-01
3.324149e-01 -6.362318e-02 9.409848e-01 -5.262258e+01 -2.776334e-01 9.469123e-01 1.621015e-01 -1.481662e+01 -9.013435e-01 -3.151337e-01 2.971039e-01 -2.674472e-01
3.338874e-01 -6.851719e-02 9.401195e-01 -5.302965e+01 -2.759175e-01 9.465660e-01 1.669803e-01 -1.486471e+01 -9.013261e-01 -3.151480e-01 2.971413e-01 -2.677532e-01
3.362577e-01 -7.651957e-02 9.386562e-01 -5.345087e+01 -2.730608e-01 9.459576e-01 1.749342e-01 -1.494040e+01 -9.013149e-01 -3.151332e-01 2.971910e-01 -2.681698e-01
-1.475387e-01 -3.218416e-01 -9.352274e-01 -5.387986e+01 -3.799122e-01 8.914768e-01 -2.468518e-01 -1.503496e+01 9.131807e-01 3.188841e-01 -2.537988e-01 -2.783413e-01
-1.443143e-01 -3.295140e-01 -9.330562e-01 -5.432604e+01 -3.811615e-01 8.886777e-01 -2.548879e-01 -1.513715e+01 9.131754e-01 3.188611e-01 -2.538470e-01 -2.787914e-01
2.766990e-01 -1.785110e-01 9.442306e-01 -5.477406e+01 -2.695689e-01 9.287221e-01 2.545740e-01 -1.525578e+01 -9.223721e-01 -3.249756e-01 2.088555e-01 -2.897576e-01
-1.381905e-01 -1.394995e-01 -9.805321e-01 -5.524142e+01 -3.429302e-01 9.355285e-01 -8.476622e-02 -1.533613e+01 9.291406e-01 3.245402e-01 -1.771198e-01 -2.978775e-01
1.131759e-01 2.675799e-03 9.935714e-01 -5.572979e+01 -3.322448e-01 9.425321e-01 3.530706e-02 -1.536502e+01 -9.363785e-01 -3.341048e-01 1.075610e-01 -3.156892e-01
1.127309e-01 4.054520e-03 9.936173e-01 -5.623434e+01 -3.324366e-01 9.425172e-01 3.387061e-02 -1.541283e+01 -9.363641e-01 -3.341330e-01 1.075987e-01 -3.160719e-01
1.135975e-01 1.691925e-03 9.935254e-01 -5.675956e+01 -3.321492e-01 9.425253e-01 3.637214e-02 -1.545084e+01 -9.363613e-01 -3.341305e-01 1.076305e-01 -3.164549e-01
1.201110e-02 -8.452790e-02 -9.963487e-01 -5.727416e+01 -3.352110e-01 9.384218e-01 -8.365452e-02 -1.548052e+01 9.420665e-01 3.349919e-01 -1.706320e-02 -3.403522e-01
1.198167e-02 -8.453394e-02 -9.963486e-01 -5.778456e+01 -3.350911e-01 9.384648e-01 -8.365254e-02 -1.532294e+01 9.421096e-01 3.348698e-01 -1.708219e-02 -3.395146e-01
1.176526e-02 -8.399287e-02 -9.963969e-01 -5.833662e+01 -3.350521e-01 9.385304e-01 -8.307115e-02 -1.536191e+01 9.421262e-01 3.348222e-01 -1.709993e-02 -3.397655e-01
1.279919e-02 -8.727716e-02 -9.961018e-01 -5.777365e+01 -3.346176e-01 9.383739e-01 -8.651871e-02 -1.542772e+01 9.422671e-01 3.344206e-01 -1.719405e-02 -3.412242e-01
4.574841e-02 -1.802162e-01 -9.825626e-01 -5.790258e+01 -3.316388e-01 9.250672e-01 -1.851119e-01 -1.599156e+01 9.422965e-01 3.343245e-01 -1.744633e-02 -3.427267e-01
4.614895e-02 -1.813936e-01 -9.823272e-01 -5.848586e+01 -3.314982e-01 9.248676e-01 -1.863568e-01 -1.599628e+01 9.423265e-01 3.342399e-01 -1.744997e-02 -3.427400e-01
4.611052e-02 -1.813288e-01 -9.823409e-01 -5.908542e+01 -3.314724e-01 9.248916e-01 -1.862835e-01 -1.608520e+01 9.423375e-01 3.342085e-01 -1.745826e-02 -3.432201e-01
4.631781e-02 -1.819764e-01 -9.822114e-01 -5.968708e+01 -3.312911e-01 9.248189e-01 -1.869657e-01 -1.610185e+01 9.423911e-01 3.340577e-01 -1.745156e-02 -3.426717e-01
4.678640e-02 -1.833293e-01 -9.819376e-01 -6.030752e+01 -3.311818e-01 9.245673e-01 -1.883980e-01 -1.609758e+01 9.424063e-01 3.340144e-01 -1.745816e-02 -3.431223e-01
5.845671e-02 -2.167870e-01 -9.744671e-01 -5.987937e+01 -3.290579e-01 9.173989e-01 -2.238309e-01 -1.656203e+01 9.424987e-01 3.337405e-01 -1.770736e-02 -3.465338e-01
5.921266e-02 -2.189105e-01 -9.739466e-01 -6.048409e+01 -3.289082e-01 9.168997e-01 -2.260847e-01 -1.677184e+01 9.425037e-01 3.337261e-01 -1.770938e-02 -3.473744e-01
5.910813e-02 -2.186259e-01 -9.740169e-01 -6.109427e+01 -3.289196e-01 9.169703e-01 -2.257818e-01 -1.700991e+01 9.425063e-01 3.337188e-01 -1.770996e-02 -3.482247e-01
5.845534e-02 -2.168214e-01 -9.744596e-01 -6.169067e+01 -3.290692e-01 9.173871e-01 -2.238625e-01 -1.729953e+01 9.424948e-01 3.337506e-01 -1.772307e-02 -3.494060e-01
5.743390e-02 -2.139869e-01 -9.751466e-01 -6.232256e+01 -3.292506e-01 9.180519e-01 -2.208501e-01 -1.755699e+01 9.424942e-01 3.337519e-01 -1.772802e-02 -3.504861e-01
5.693366e-02 -2.126011e-01 -9.754790e-01 -6.297144e+01 -3.293180e-01 9.183808e-01 -2.193774e-01 -1.778511e+01 9.425010e-01 3.337328e-01 -1.772660e-02 -3.514899e-01
5.753356e-02 -2.142862e-01 -9.750750e-01 -6.363815e+01 -3.292095e-01 9.179906e-01 -2.211659e-01 -1.797099e+01 9.425025e-01 3.337284e-01 -1.772979e-02 -3.527112e-01
1.023278e-01 -3.394943e-01 -9.350255e-01 -6.354275e+01 -3.179003e-01 8.795075e-01 -3.541270e-01 -1.866226e+01 9.425860e-01 3.334819e-01 -1.792723e-02 -3.539787e-01
1.597669e-01 -4.991480e-01 -8.516606e-01 -6.341262e+01 -2.927985e-01 7.999571e-01 -5.237726e-01 -1.935416e+01 9.427320e-01 3.330465e-01 -1.834314e-02 -3.560418e-01
1.594430e-01 -4.982491e-01 -8.522475e-01 -6.411293e+01 -2.929840e-01 8.005140e-01 -5.228171e-01 -1.952914e+01 9.427292e-01 3.330544e-01 -1.834266e-02 -3.571946e-01
1.578617e-01 -4.939134e-01 -8.550610e-01 -6.479977e+01 -2.938393e-01 8.031961e-01 -5.182031e-01 -1.980178e+01 9.427291e-01 3.330550e-01 -1.833729e-02 -3.581860e-01
1.935339e-01 -5.920125e-01 -7.823464e-01 -6.482273e+01 -2.713706e-01 7.340094e-01 -6.225659e-01 -2.054049e+01 9.428163e-01 3.327934e-01 -1.859908e-02 -3.602984e-01
1.928898e-01 -5.902430e-01 -7.838410e-01 -6.551573e+01 -2.718489e-01 7.354257e-01 -6.206829e-01 -2.078987e+01 9.428105e-01 3.328097e-01 -1.860076e-02 -3.614846e-01
2.040829e-01 -6.207874e-01 -7.569499e-01 -6.533747e+01 -2.633796e-01 7.098953e-01 -6.532074e-01 -2.149549e+01 9.428581e-01 3.326736e-01 -1.862527e-02 -3.632322e-01
2.062082e-01 -6.264937e-01 -7.516541e-01 -6.602079e+01 -2.616858e-01 7.048759e-01 -6.592954e-01 -2.175403e+01 9.428673e-01 3.326493e-01 -1.859325e-02 -3.640986e-01
2.059152e-01 -6.256540e-01 -7.524334e-01 -6.673787e+01 -2.619900e-01 7.055948e-01 -6.584050e-01 -2.192836e+01 9.428469e-01 3.327056e-01 -1.862236e-02 -3.655712e-01
-2.984713e-02 4.828566e-01 8.751906e-01 -6.746258e+01 -2.820189e-01 8.359395e-01 -4.708190e-01 -2.201466e+01 -9.589445e-01 -2.608729e-01 1.112243e-01 -3.233056e-01
-3.141507e-02 4.874800e-01 8.725688e-01 -6.817762e+01 -2.818581e-01 8.332485e-01 -4.756605e-01 -2.221940e+01 -9.589417e-01 -2.608835e-01 1.112236e-01 -3.244213e-01
-2.592790e-03 4.008167e-01 9.161546e-01 -6.813062e+01 -2.837101e-01 8.782178e-01 -3.850223e-01 -2.295841e+01 -9.589066e-01 -2.609206e-01 1.114387e-01 -3.256750e-01
-1.962240e-03 3.988602e-01 9.170097e-01 -6.883850e+01 -2.837324e-01 8.791033e-01 -3.829796e-01 -2.311596e+01 -9.589015e-01 -2.609368e-01 1.114445e-01 -3.269473e-01
-1.445475e-03 3.972401e-01 9.177136e-01 -6.950131e+01 -2.837421e-01 8.798341e-01 -3.812905e-01 -2.343385e+01 -9.588995e-01 -2.609451e-01 1.114419e-01 -3.282927e-01
-2.085434e-03 3.991948e-01 9.168638e-01 -7.021590e+01 -2.837406e-01 8.789472e-01 -3.833316e-01 -2.362229e+01 -9.588988e-01 -2.609509e-01 1.114348e-01 -3.293357e-01
-3.167841e-03 4.025315e-01 9.154007e-01 -7.092484e+01 -2.837397e-01 8.774211e-01 -3.868126e-01 -2.383996e+01 -9.588961e-01 -2.609609e-01 1.114346e-01 -3.304306e-01
-3.274276e-03 4.028613e-01 9.152552e-01 -7.163737e+01 -2.837731e-01 8.772603e-01 -3.871526e-01 -2.402536e+01 -9.588859e-01 -2.609924e-01 1.114488e-01 -3.315973e-01
-3.275572e-03 4.028619e-01 9.152549e-01 -7.233800e+01 -2.838018e-01 8.772521e-01 -3.871502e-01 -2.425350e+01 -9.588774e-01 -2.610191e-01 1.114594e-01 -3.327206e-01
-3.772478e-03 4.043879e-01 9.145798e-01 -7.305216e+01 -2.838085e-01 8.765459e-01 -3.887416e-01 -2.443113e+01 -9.588736e-01 -2.610320e-01 1.114620e-01 -3.338124e-01
-4.694493e-03 4.072167e-01 9.133195e-01 -7.376821e+01 -2.837971e-01 8.752341e-01 -3.916945e-01 -2.462204e+01 -9.588729e-01 -2.610362e-01 1.114581e-01 -3.349730e-01
-5.626073e-03 4.100624e-01 9.120401e-01 -7.449006e+01 -2.837714e-01 8.739059e-01 -3.946673e-01 -2.479628e+01 -9.588755e-01 -2.610313e-01 1.114473e-01 -3.362763e-01
-5.983245e-03 4.111422e-01 9.115516e-01 -7.520048e+01 -2.837619e-01 8.733982e-01 -3.957963e-01 -2.500394e+01 -9.588761e-01 -2.610318e-01 1.114408e-01 -3.374128e-01
-5.906741e-03 4.108759e-01 9.116722e-01 -7.592221e+01 -2.837599e-01 8.735234e-01 -3.955213e-01 -2.518515e+01 -9.588772e-01 -2.610323e-01 1.114304e-01 -3.384122e-01
-6.195681e-03 4.117568e-01 9.112727e-01 -7.664147e+01 -2.837629e-01 8.731057e-01 -3.964404e-01 -2.538036e+01 -9.588745e-01 -2.610416e-01 1.114318e-01 -3.395665e-01
-5.987312e-03 4.111113e-01 9.115655e-01 -7.733525e+01 -2.837683e-01 8.734094e-01 -3.957670e-01 -2.566428e+01 -9.588742e-01 -2.610430e-01 1.114310e-01 -3.408963e-01
-6.335743e-03 4.121611e-01 9.110890e-01 -7.806064e+01 -2.837497e-01 8.729167e-01 -3.968658e-01 -2.583966e+01 -9.588774e-01 -2.610357e-01 1.114200e-01 -3.420431e-01
-7.040675e-03 4.142826e-01 9.101211e-01 -7.878925e+01 -2.836919e-01 8.719214e-01 -3.990890e-01 -2.604856e+01 -9.588896e-01 -2.610038e-01 1.113897e-01 -3.433326e-01
-6.700668e-03 4.132204e-01 9.106064e-01 -7.950771e+01 -2.837060e-01 8.724231e-01 -3.979810e-01 -2.628314e+01 -9.588879e-01 -2.610112e-01 1.113873e-01 -3.445938e-01
-6.198442e-03 4.116627e-01 9.113152e-01 -8.024632e+01 -2.837410e-01 8.731523e-01 -3.963535e-01 -2.644833e+01 -9.588809e-01 -2.610343e-01 1.113934e-01 -3.456387e-01
-6.082751e-03 4.112997e-01 9.114799e-01 -8.097807e+01 -2.837564e-01 8.733196e-01 -3.959738e-01 -2.666858e+01 -9.588771e-01 -2.610469e-01 1.113967e-01 -3.468805e-01
-5.683953e-03 4.100449e-01 9.120476e-01 -8.170856e+01 -2.837493e-01 8.739126e-01 -3.946683e-01 -2.690497e+01 -9.588816e-01 -2.610362e-01 1.113827e-01 -3.481999e-01
-6.323377e-03 4.119871e-01 9.111678e-01 -8.243448e+01 -2.837133e-01 8.730039e-01 -3.967001e-01 -2.717858e+01 -9.588883e-01 -2.610189e-01 1.113659e-01 -3.495620e-01
-6.282310e-03 4.118425e-01 9.112334e-01 -8.317887e+01 -2.837183e-01 8.730703e-01 -3.965503e-01 -2.741047e+01 -9.588871e-01 -2.610248e-01 1.113623e-01 -3.507846e-01
-6.224602e-03 4.116310e-01 9.113293e-01 -8.391881e+01 -2.837147e-01 8.731701e-01 -3.963330e-01 -2.766019e+01 -9.588885e-01 -2.610246e-01 1.113506e-01 -3.519169e-01
-6.157672e-03 4.113865e-01 9.114402e-01 -8.463104e+01 -2.837038e-01 8.732873e-01 -3.960826e-01 -2.799815e+01 -9.588922e-01 -2.610180e-01 1.113345e-01 -3.531102e-01
-6.681688e-03 4.129735e-01 9.107185e-01 -8.536682e+01 -2.836849e-01 8.725390e-01 -3.977419e-01 -2.829968e+01 -9.588943e-01 -2.610147e-01 1.113243e-01 -3.544157e-01
-7.433211e-03 4.152519e-01 9.096761e-01 -8.615408e+01 -2.836538e-01 8.714591e-01 -4.001243e-01 -2.849895e+01 -9.588979e-01 -2.610073e-01 1.113101e-01 -3.557156e-01
-6.536053e-03 4.124656e-01 9.109497e-01 -8.689184e+01 -2.836824e-01 8.727786e-01 -3.972177e-01 -2.875604e+01 -9.588960e-01 -2.610166e-01 1.113047e-01 -3.569638e-01
-4.577069e-03 4.063948e-01 9.136861e-01 -8.766958e+01 -2.837512e-01 8.756123e-01 -3.908815e-01 -2.892647e+01 -9.588870e-01 -2.610486e-01 1.113073e-01 -3.579958e-01
-4.134959e-03 4.049941e-01 9.143100e-01 -8.845789e+01 -2.837797e-01 8.762538e-01 -3.894205e-01 -2.911171e+01 -9.588806e-01 -2.610729e-01 1.113058e-01 -3.592602e-01
-4.537031e-03 4.061828e-01 9.137806e-01 -8.924236e+01 -2.837817e-01 8.756993e-01 -3.906644e-01 -2.936043e+01 -9.588782e-01 -2.610867e-01 1.112942e-01 -3.607403e-01
-6.054649e-03 4.108061e-01 9.117026e-01 -8.998925e+01 -2.837405e-01 8.735415e-01 -3.954953e-01 -2.965025e+01 -9.588820e-01 -2.610816e-01 1.112734e-01 -3.621193e-01
-6.983621e-03 4.136231e-01 9.104214e-01 -9.076273e+01 -2.837099e-01 8.722122e-01 -3.984402e-01 -2.992999e+01 -9.588847e-01 -2.610781e-01 1.112578e-01 -3.636226e-01
2.596761e-01 -8.590480e-01 -4.411403e-01 -9.153446e+01 -1.887757e-01 4.028418e-01 -8.955904e-01 -3.021623e+01 9.470650e-01 3.158400e-01 -5.755901e-02 -3.968101e-01
2.577941e-01 -8.549913e-01 -4.500357e-01 -9.228895e+01 -1.913280e-01 4.113826e-01 -8.911554e-01 -3.055582e+01 9.470669e-01 3.158390e-01 -5.753181e-02 -3.982418e-01
-1.239000e-01 2.310315e-01 9.650250e-01 -9.303761e+01 -3.643407e-01 8.940001e-01 -2.608057e-01 -3.089429e+01 -9.229868e-01 -3.839117e-01 -2.659245e-02 -4.446128e-01
-1.262161e-01 2.366877e-01 9.633527e-01 -9.383279e+01 -3.635682e-01 8.925099e-01 -2.669160e-01 -3.114463e+01 -9.229776e-01 -3.839336e-01 -2.659701e-02 -4.458768e-01
-1.264688e-01 2.372785e-01 9.631742e-01 -9.460482e+01 -3.635047e-01 8.923433e-01 -2.675589e-01 -3.134246e+01 -9.229680e-01 -3.839562e-01 -2.660179e-02 -4.469898e-01
2.637789e-01 -8.727623e-01 -4.107393e-01 -9.533032e+01 -1.792941e-01 3.740365e-01 -9.099178e-01 -3.167953e+01 9.477734e-01 3.136602e-01 -5.781821e-02 -4.029446e-01
2.639463e-01 -8.730905e-01 -4.099334e-01 -9.610601e+01 -1.790506e-01 3.732662e-01 -9.102819e-01 -3.185813e+01 9.477728e-01 3.136643e-01 -5.780510e-02 -4.042161e-01
2.641761e-01 -8.735480e-01 -4.088091e-01 -9.685523e+01 -1.787136e-01 3.721910e-01 -9.107883e-01 -3.206107e+01 9.477724e-01 3.136682e-01 -5.779091e-02 -4.054769e-01
2.635771e-01 -8.722721e-01 -4.119084e-01 -9.760596e+01 -1.796139e-01 3.751624e-01 -9.093910e-01 -3.227835e+01 9.477689e-01 3.136791e-01 -5.778799e-02 -4.066440e-01
2.628237e-01 -8.706878e-01 -4.157240e-01 -9.836466e+01 -1.807072e-01 3.788262e-01 -9.076539e-01 -3.249755e+01 9.477703e-01 3.136773e-01 -5.777508e-02 -4.079560e-01
2.612166e-01 -8.673045e-01 -4.237319e-01 -9.910532e+01 -1.830214e-01 3.865095e-01 -9.039434e-01 -3.266434e+01 9.477706e-01 3.136770e-01 -5.777257e-02 -4.094297e-01
2.595872e-01 -8.638285e-01 -4.317578e-01 -9.982589e+01 -1.853516e-01 3.942059e-01 -9.001370e-01 -3.291935e+01 9.477654e-01 3.136910e-01 -5.778118e-02 -4.104211e-01
-4.593061e-01 5.652355e-01 6.852348e-01 -1.005635e+02 -3.081380e-01 6.221313e-01 -7.197247e-01 -3.304201e+01 -8.331200e-01 -5.417208e-01 -1.115782e-01 -5.277666e-01
-4.598072e-01 5.662347e-01 6.840727e-01 -1.012774e+02 -3.073912e-01 6.212229e-01 -7.208278e-01 -3.323777e+01 -8.331194e-01 -5.417198e-01 -1.115872e-01 -5.290674e-01
5.842661e-01 -6.778005e-01 -4.463402e-01 -1.019996e+02 -1.598160e-01 4.431150e-01 -8.821043e-01 -3.334091e+01 7.956708e-01 5.867159e-01 1.505736e-01 -5.558465e-01
5.846957e-01 -6.789808e-01 -4.439775e-01 -1.026926e+02 -1.582534e-01 4.412987e-01 -8.832957e-01 -3.353368e+01 7.956675e-01 5.867201e-01 1.505744e-01 -5.570329e-01
5.854147e-01 -6.809885e-01 -4.399367e-01 -1.033644e+02 -1.555684e-01 4.382006e-01 -8.853128e-01 -3.376136e+01 7.956684e-01 5.867153e-01 1.505887e-01 -5.581715e-01
5.862861e-01 -6.834406e-01 -4.349454e-01 -1.040286e+02 -1.522548e-01 4.343721e-01 -8.877721e-01 -3.396600e+01 7.956677e-01 5.867110e-01 1.506092e-01 -5.591032e-01
5.866387e-01 -6.844482e-01 -4.328807e-01 -1.046937e+02 -1.508774e-01 4.327928e-01 -8.887780e-01 -3.415569e+01 7.956702e-01 5.867035e-01 1.506252e-01 -5.601613e-01
5.865806e-01 -6.842798e-01 -4.332256e-01 -1.053362e+02 -1.510947e-01 4.330662e-01 -8.886079e-01 -3.439243e+01 7.956718e-01 5.866983e-01 1.506372e-01 -5.613447e-01
5.859138e-01 -6.823603e-01 -4.371377e-01 -1.059851e+02 -1.537099e-01 4.360558e-01 -8.866953e-01 -3.458557e+01 7.956622e-01 5.867194e-01 1.506056e-01 -5.624050e-01
5.853282e-01 -6.807228e-01 -4.404627e-01 -1.066399e+02 -1.559076e-01 4.386131e-01 -8.850488e-01 -3.472087e+01 7.956656e-01 5.867155e-01 1.506028e-01 -5.637126e-01
5.850777e-01 -6.800201e-01 -4.418787e-01 -1.072778e+02 -1.568556e-01 4.396936e-01 -8.843449e-01 -3.486599e+01 7.956635e-01 5.867216e-01 1.505899e-01 -5.647811e-01
5.850101e-01 -6.798388e-01 -4.422469e-01 -1.079000e+02 -1.570988e-01 4.399765e-01 -8.841610e-01 -3.503662e+01 7.956652e-01 5.867195e-01 1.505889e-01 -5.658093e-01
5.850689e-01 -6.800087e-01 -4.419079e-01 -1.085178e+02 -1.568727e-01 4.397168e-01 -8.843303e-01 -3.519119e+01 7.956666e-01 5.867174e-01 1.505898e-01 -5.668149e-01
5.858877e-01 -6.823199e-01 -4.372358e-01 -1.091270e+02 -1.537819e-01 4.361238e-01 -8.866494e-01 -3.538921e+01 7.956674e-01 5.867160e-01 1.505912e-01 -5.677246e-01
5.855027e-01 -6.812064e-01 -4.394819e-01 -1.086478e+02 -1.552070e-01 4.378975e-01 -8.855261e-01 -3.504541e+01 7.956741e-01 5.866886e-01 1.506622e-01 -5.659157e-01
5.859507e-01 -6.824804e-01 -4.369008e-01 -1.092395e+02 -1.534942e-01 4.359161e-01 -8.868014e-01 -3.522807e+01 7.956767e-01 5.866836e-01 1.506685e-01 -5.668004e-01
5.857935e-01 -6.820421e-01 -4.377951e-01 -1.098092e+02 -1.540980e-01 4.365943e-01 -8.863629e-01 -3.539559e+01 7.956757e-01 5.866890e-01 1.506528e-01 -5.677668e-01
5.849598e-01 -6.796955e-01 -4.425337e-01 -1.103969e+02 -1.572479e-01 4.402272e-01 -8.840097e-01 -3.548044e+01 7.956727e-01 5.866976e-01 1.506345e-01 -5.686075e-01
-2.109916e-01 4.358486e-01 8.749392e-01 -1.109491e+02 -3.980928e-01 7.791814e-01 -4.841472e-01 -3.564920e+01 -8.927512e-01 -4.504580e-01 9.107481e-03 -5.027698e-01
-2.105244e-01 4.349526e-01 8.754974e-01 -1.114931e+02 -3.983425e-01 7.796808e-01 -4.831368e-01 -3.579554e+01 -8.927501e-01 -4.504599e-01 9.118295e-03 -5.036801e-01
-2.069861e-01 4.280085e-01 8.797531e-01 -1.120069e+02 -4.002397e-01 7.834904e-01 -4.753431e-01 -3.600935e+01 -8.927290e-01 -4.505015e-01 9.134351e-03 -5.042059e-01
-2.213393e-01 4.558746e-01 8.620831e-01 -1.121808e+02 -3.925235e-01 7.675900e-01 -5.066862e-01 -3.548479e+01 -8.927117e-01 -4.505375e-01 9.043693e-03 -5.028867e-01
-2.203076e-01 4.538635e-01 8.634075e-01 -1.127114e+02 -3.931013e-01 7.687820e-01 -5.044261e-01 -3.562323e+01 -8.927127e-01 -4.505355e-01 9.045809e-03 -5.037574e-01
-2.191988e-01 4.516959e-01 8.648252e-01 -1.132429e+02 -3.937297e-01 7.700530e-01 -5.019914e-01 -3.575501e+01 -8.927087e-01 -4.505433e-01 9.051343e-03 -5.045568e-01
-2.195905e-01 4.524711e-01 8.643205e-01 -1.137793e+02 -3.934933e-01 7.696069e-01 -5.028601e-01 -3.589592e+01 -8.927167e-01 -4.505276e-01 9.045958e-03 -5.054728e-01
2.405411e-01 -8.967308e-01 -3.715021e-01 -1.142997e+02 -2.395180e-01 3.160668e-01 -9.180049e-01 -3.607025e+01 9.406227e-01 3.097993e-01 -1.387561e-01 -4.527087e-01
2.403812e-01 -8.965184e-01 -3.721179e-01 -1.148383e+02 -2.396766e-01 3.166690e-01 -9.177559e-01 -3.620156e+01 9.406232e-01 3.097992e-01 -1.387532e-01 -4.535828e-01
2.401770e-01 -8.962396e-01 -3.729203e-01 -1.153946e+02 -2.398892e-01 3.174513e-01 -9.174300e-01 -3.625894e+01 9.406212e-01 3.098052e-01 -1.387537e-01 -4.543057e-01
2.393466e-01 -8.951244e-01 -3.761191e-01 -1.159306e+02 -2.407260e-01 3.205751e-01 -9.161237e-01 -3.643816e+01 9.406190e-01 3.098127e-01 -1.387511e-01 -4.551943e-01
2.388630e-01 -8.944647e-01 -3.779912e-01 -1.154007e+02 -2.412043e-01 3.224065e-01 -9.153549e-01 -3.625386e+01 9.406195e-01 3.098175e-01 -1.387378e-01 -4.542036e-01
2.380477e-01 -8.933547e-01 -3.811176e-01 -1.159422e+02 -2.419965e-01 3.254678e-01 -9.140615e-01 -3.644152e+01 9.406226e-01 3.098194e-01 -1.387119e-01 -4.550003e-01
2.371850e-01 -8.921674e-01 -3.844225e-01 -1.153786e+02 -2.428528e-01 3.286971e-01 -9.126778e-01 -3.625732e+01 9.406199e-01 3.098315e-01 -1.387033e-01 -4.540872e-01
2.340419e-01 -8.877319e-01 -3.964297e-01 -1.159496e+02 -2.460453e-01 3.403985e-01 -9.075189e-01 -3.617480e+01 9.405775e-01 3.099371e-01 -1.387547e-01 -4.538701e-01
2.330329e-01 -8.862939e-01 -4.002233e-01 -1.164569e+02 -2.470404e-01 3.441005e-01 -9.058509e-01 -3.646210e+01 9.405672e-01 3.099644e-01 -1.387636e-01 -4.555052e-01
2.314945e-01 -8.841066e-01 -4.059135e-01 -1.158995e+02 -2.484900e-01 3.496695e-01 -9.033183e-01 -3.620467e+01 9.405653e-01 3.099787e-01 -1.387451e-01 -4.543228e-01
7.730225e-03 9.325542e-01 3.609471e-01 -1.164844e+02 -2.445260e-01 3.517624e-01 -9.035874e-01 -3.620586e+01 -9.696119e-01 -8.127604e-02 2.307530e-01 -3.821595e-01
7.264358e-03 9.331834e-01 3.593270e-01 -1.158646e+02 -2.445209e-01 3.500856e-01 -9.042398e-01 -3.610024e+01 -9.696168e-01 -8.129425e-02 2.307260e-01 -3.814884e-01
5.536810e-03 9.355912e-01 3.530417e-01 -1.152832e+02 -2.445196e-01 3.435965e-01 -9.067257e-01 -3.587791e+01 -9.696285e-01 -8.130527e-02 2.306729e-01 -3.805008e-01
4.892094e-03 9.364559e-01 3.507512e-01 -1.158200e+02 -2.445352e-01 3.412267e-01 -9.076160e-01 -3.621782e+01 -9.696281e-01 -8.133088e-02 2.306657e-01 -3.825474e-01
3.198898e-03 9.387589e-01 3.445599e-01 -1.152419e+02 -2.445521e-01 3.348337e-01 -9.099894e-01 -3.593409e+01 -9.696309e-01 -8.135189e-02 2.306466e-01 -3.814281e-01
4.389875e-03 9.371330e-01 3.489448e-01 -1.156932e+02 -2.444039e-01 3.393711e-01 -9.083469e-01 -3.642144e+01 -9.696636e-01 -8.129594e-02 2.305287e-01 -3.856381e-01
3.875461e-03 9.378193e-01 3.471023e-01 -1.162155e+02 -2.444017e-01 3.374667e-01 -9.090567e-01 -3.685293e+01 -9.696663e-01 -8.130938e-02 2.305125e-01 -3.876214e-01
6.354799e-04 9.421812e-01 3.351033e-01 -1.167658e+02 -2.444196e-01 3.250859e-01 -9.135525e-01 -3.728647e+01 -9.696694e-01 -8.132526e-02 2.304941e-01 -3.885602e-01
-2.505177e-03 9.462551e-01 3.234114e-01 -1.174252e+02 -2.443998e-01 3.130254e-01 -9.177602e-01 -3.754832e+01 -9.696713e-01 -8.134082e-02 2.304803e-01 -3.897120e-01
-5.002168e-03 9.493713e-01 3.141165e-01 -1.180984e+02 -2.443380e-01 3.034388e-01 -9.209907e-01 -3.781421e+01 -9.696772e-01 -8.135754e-02 2.304496e-01 -3.909935e-01
-7.299533e-03 9.521524e-01 3.055365e-01 -1.187639e+02 -2.442746e-01 2.945902e-01 -9.238758e-01 -3.812969e+01 -9.696786e-01 -8.137868e-02 2.304363e-01 -3.924386e-01
-7.750945e-03 9.526792e-01 3.038786e-01 -1.194998e+02 -2.442888e-01 2.928762e-01 -9.244169e-01 -3.829820e+01 -9.696716e-01 -8.139923e-02 2.304587e-01 -3.940406e-01
-9.136814e-03 9.543139e-01 2.986660e-01 -1.202226e+02 -2.442859e-01 2.874986e-01 -9.261042e-01 -3.852059e+01 -9.696602e-01 -8.142155e-02 2.304986e-01 -3.950760e-01
-1.137963e-02 9.569022e-01 2.901874e-01 -1.209820e+02 -2.441870e-01 2.787606e-01 -9.287977e-01 -3.870859e+01 -9.696614e-01 -8.142938e-02 2.304909e-01 -3.963403e-01
-1.248498e-02 9.581439e-01 2.860145e-01 -1.217263e+02 -2.441466e-01 2.744585e-01 -9.300887e-01 -3.893606e+01 -9.696580e-01 -8.144162e-02 2.305010e-01 -3.976594e-01
-1.280350e-02 9.584844e-01 2.848575e-01 -1.224822e+02 -2.441330e-01 2.732629e-01 -9.304442e-01 -3.913307e+01 -9.696572e-01 -8.145605e-02 2.304989e-01 -3.989103e-01
2.356862e-01 -9.655691e-01 -1.101284e-01 -1.232493e+02 -2.111085e-01 5.974688e-02 -9.756349e-01 -3.921593e+01 9.486228e-01 2.531927e-01 -1.897584e-01 -4.691582e-01
-2.585292e-01 8.558779e-01 4.479237e-01 -1.240232e+02 -2.965713e-01 3.709722e-01 -8.800143e-01 -3.934605e+01 -9.193520e-01 -3.603507e-01 1.579217e-01 -5.158178e-01
-2.588044e-01 8.562034e-01 4.471420e-01 -1.247656e+02 -2.963373e-01 3.702116e-01 -8.804133e-01 -3.958415e+01 -9.193500e-01 -3.603597e-01 1.579126e-01 -5.171120e-01
-2.593806e-01 8.569054e-01 4.454603e-01 -1.254340e+02 -2.958362e-01 3.685768e-01 -8.812673e-01 -3.996613e+01 -9.193490e-01 -3.603669e-01 1.579019e-01 -5.183039e-01
-2.599094e-01 8.575432e-01 4.439220e-01 -1.261518e+02 -2.953717e-01 3.670833e-01 -8.820461e-01 -4.022851e+01 -9.193490e-01 -3.603741e-01 1.578856e-01 -5.196469e-01
-2.593831e-01 8.568734e-01 4.455204e-01 -1.268803e+02 -2.958320e-01 3.686398e-01 -8.812424e-01 -4.041882e+01 -9.193497e-01 -3.603786e-01 1.578717e-01 -5.209089e-01
-2.588230e-01 8.561635e-01 4.472077e-01 -1.276028e+02 -2.963392e-01 3.702750e-01 -8.803860e-01 -4.064241e+01 -9.193442e-01 -3.603893e-01 1.578791e-01 -5.222142e-01
-2.585006e-01 8.557490e-01 4.481864e-01 -1.282927e+02 -2.966328e-01 3.712232e-01 -8.798876e-01 -4.086515e+01 -9.193402e-01 -3.603983e-01 1.578818e-01 -5.233720e-01
-2.599410e-01 8.575280e-01 4.439329e-01 -1.289926e+02 -2.953637e-01 3.670921e-01 -8.820452e-01 -4.109511e+01 -9.193427e-01 -3.604013e-01 1.578603e-01 -5.245819e-01
-2.610399e-01 8.588817e-01 4.406590e-01 -1.296904e+02 -2.943968e-01 3.639090e-01 -8.836859e-01 -4.133470e+01 -9.193414e-01 -3.604059e-01 1.578573e-01 -5.258205e-01
-2.624332e-01 8.605880e-01 4.364826e-01 -1.303576e+02 -2.931602e-01 3.598498e-01 -8.857568e-01 -4.156335e+01 -9.193399e-01 -3.604114e-01 1.578536e-01 -5.269620e-01
-2.636381e-01 8.620534e-01 4.328498e-01 -1.310452e+02 -2.920887e-01 3.563173e-01 -8.875372e-01 -4.179150e+01 -9.193363e-01 -3.604192e-01 1.578572e-01 -5.281060e-01
-2.637402e-01 8.621655e-01 4.325642e-01 -1.316861e+02 -2.919991e-01 3.560404e-01 -8.876777e-01 -4.198997e+01 -9.193354e-01 -3.604247e-01 1.578494e-01 -5.291838e-01
-2.636848e-01 8.620958e-01 4.327369e-01 -1.323420e+02 -2.920704e-01 3.562000e-01 -8.875902e-01 -4.216212e+01 -9.193287e-01 -3.604336e-01 1.578681e-01 -5.302392e-01
-2.642612e-01 8.627920e-01 4.309942e-01 -1.329919e+02 -2.915497e-01 3.545079e-01 -8.884385e-01 -4.233939e+01 -9.193284e-01 -3.604361e-01 1.578641e-01 -5.313337e-01
-2.642248e-01 8.627466e-01 4.311074e-01 -1.336304e+02 -2.915836e-01 3.546176e-01 -8.883836e-01 -4.251764e+01 -9.193282e-01 -3.604368e-01 1.578640e-01 -5.324195e-01
-2.645426e-01 8.631269e-01 4.301503e-01 -1.342566e+02 -2.912988e-01 3.536874e-01 -8.888477e-01 -4.271007e+01 -9.193271e-01 -3.604403e-01 1.578624e-01 -5.334383e-01
-2.649208e-01 8.635791e-01 4.290082e-01 -1.348815e+02 -2.909482e-01 3.525819e-01 -8.894016e-01 -4.287577e+01 -9.193292e-01 -3.604402e-01 1.578505e-01 -5.345508e-01
-2.647802e-01 8.633991e-01 4.294572e-01 -1.354967e+02 -2.910752e-01 3.530193e-01 -8.891865e-01 -4.302520e+01 -9.193295e-01 -3.604433e-01 1.578416e-01 -5.356345e-01
-2.651538e-01 8.638492e-01 4.283201e-01 -1.361052e+02 -2.907658e-01 3.519034e-01 -8.897299e-01 -4.313463e+01 -9.193197e-01 -3.604560e-01 1.578692e-01 -5.364604e-01
